#SpT   R_Rsun Msun  L         Teff   Notes
B0	   7.4	  18	20000	     30000	Phi1_Orionis
B5	   3.8	  6.5	800	         16400	Pi_Andromedae_A
A0	   2.5	  3.2	80	         10800	Alpha_Coronae_Borealis_A
A5	   1.7	  2.1	20	         8620	Beta_Pictoris
F0	   1.3	  1.7	6	         7240	Gamma_Virginis
F5	   1.2	  1.3	2.5	         6540	Eta_Arietis
G0	   1.05	  1.10	1.26	     5920	Beta_Comae_Berenices
G2	   1.	  1.	1.	         5780	Sun
G5	   0.93	  0.93	0.79	     5610	Alpha_Mensae
K0	   0.85	  0.78	0.40	     5240	70_Ophiuchi_A
K5	   0.74	  0.69	0.16	     4410	61_Cygni_A[27]
M0	   0.63	  0.47	0.063	     3920	Gliese_185[28]
M5	   0.32	  0.21	0.0079	     3120	EZ_Aquarii_A
M8	   0.13	  0.10	0.0008	     2660	Van_Biesbroeck's_star[29]
O5     17.8   40    501000       40000     
B0     7.4    18    20000        28000     
B5     3.8    6.4   790          15000     
A0     2.5    3.2   79           9900      
A5     1.7    2.1   20           8500      
F0     1.4    1.7   6.3          7400     
F5     1.2    1.3   2.5          6600     
G0     1.0    1.1   1.3          6000     
G5     0.9    0.9   0.8          5500     
K0     0.8    0.8   0.4          4900     
K5     0.7    0.7   0.2          4100     
M0     0.6    0.5   0.1          3500     
M5     0.3    0.2   0.01         2800     
M8     0.1    0.1   0.001        2400     
O9     48     120   2187760      32900  TAMS   
B7     230    60    977237       32000  TAMS   
B0     18     25    194984       29000  TAMS   
B0.5   9.5    12    28840        24400  TAMS   
B5     5.5    5     1413         15100  TAMS   
A2     3.8    2.5   83           9000   TAMS  
G0     1.9    1.25  4.6          6070   TAMS  
G2     1.3    1.0   1.7          5790   TAMS  
K0     1.1    0.8   0.81         5330   TAMS  
O3     16     120   1778280      53300  ZAMS   
O4     10     60    537032       48200  ZAMS   
O8     6.5    25    194984       37900  ZAMS   
B0.2   4.3    12    10233        28000  ZAMS   
B5     2.7    5     550          17200  ZAMS   
B9     1.8    2.5   40           10700  ZAMS  
F5     1.2    1.25  2.1          6380   ZAMS  
G2	   1.0    1.0   1.0          5770   ZAMS
G8     0.94   0.909 0.676        5490   ZAMS  
K2     0.7    0.8   0.25         4860   ZAMS  
M0     0.4    0.5   0.038        3890   ZAMS  
M4     0.2    0.2   0.006        3300   ZAMS  
M7     0.1    0.1   0.001        2900   ZAMS  
O7V    9.62   28    147910.8388  36500   
O7.5V  9.11   24    112201.8454  35000   
O8V    8.75   22.9  97723.7221   34500   
O8.5V  8.33   20.5  74131.02413  33000   
O9V    8.11   19.7  66069.3448   32500   
O9.5V  7.80   18.5  57543.99373  32000   
B0V    7.53   17.5  50118.72336  31500   
B0.5V  6.81   15    29512.09227  29000   
B1V    5.72   11    13489.62883  26000   
B1.5V  4.89   10    7762.471166  24500   
B2V    3.85   7.3   2398.832919  20600   
B2.5V  3.45   6.1   1258.925412  18500   
B3V    3.48   5.4   912.0108394  17000   
B4V    3.41   5.0   812.8305162  16700   
B5V    3.40   4.6   630.9573445  15700   
B6V    2.95   4.0   346.7368505  14500   
B7V    2.99   3.9   309.0295433  14000   
B8V    2.91   3.4   186.2087137  12500   
B9V    2.28   2.8   61.65950019  10700   
B9.5V  2.26   2.5   53.70317964  10400   
A0V    2.09   2.3   34.67368505  9700    
A1V    2.00   2.15  25.70395783  9200    
A2V    1.97   2.05  21.3796209   8840    
A3V    2.01   2.00  19.498446    8550    
A4V    1.94   1.90  15.84893192  8270    
A5V    1.94   1.85  14.45439771  8080    
A6V    1.93   1.83  13.80384265  8000    
A7V    1.86   1.76  11.48153621  7800    
A8V    1.81   1.67  9.332543008  7500    
A9V    1.84   1.67  9.332543008  7440    
F0V    1.79   1.59  7.762471166  7220    
F1V    1.64   1.50  5.888436554  7030    
F2V    1.61   1.44  5.011872336  6810    
F3V    1.60   1.43  4.677351413  6720    
F4V    1.53   1.39  4.073802778  6640    
F5V    1.46   1.33  3.467368505  6510    
F6V    1.36   1.25  2.691534804  6340    
F7V    1.30   1.21  2.290867653  6240    
F8V    1.25   1.18  2.041737945  6170    
F9V    1.23   1.14  1.819700859  6060    
F9.5V  1.18   1.11  1.621810097  6000    
G0V    1.12   1.08  1.380384265  5920    
G1V    1.12   1.07  1.348962883  5880    
G2V    1.01   1.02  1.023292992  5770    
G3V    1.01   1.00  0.977237221  5720    
G4V    0.986  0.99  0.912010839  5680    
G5V    0.982  0.98  0.891250938  5660    
G6V    0.939  0.97  0.776247117  5590    
G7V    0.949  0.96  0.758577575  5530    
G8V    0.909  0.94  0.676082975  5490    
G9V    0.876  0.90  0.562341325  5340    
K0V    0.817  0.87  0.467735141  5280    
K0.5V  0.828  0.86  0.467735141  5240    
K1V    0.814  0.85  0.436515832  5170    
K1.5V  0.809  0.82  0.407380278  5140    
K2V    0.763  0.78  0.338844156  5040    
K2.5V  0.742  0.76  0.309029543  4990    
K3V    0.729  0.75  0.263026799  4830    
K3.5V  0.720  0.73  0.229086765  4700    
K4V    0.726  0.72  0.213796209  4600    
K4.5V  0.737  0.71  0.208929613  4540    
K5V    0.698  0.68  0.165958691  4410    
K5.5V  0.672  0.66  0.144543977  4330    
K6V    0.661  0.65  0.125892541  4230    
K6.5V  0.656  0.64  0.10964782   4190    
K7V    0.654  0.63  0.104712855  4070    
K8V    0.587  0.59  0.079432823  4000    
K9V    0.552  0.56  0.066069345  3940    
M0V    0.559  0.55  0.063095734  3870    
M0.5V  0.535  0.54  0.05370318   3800    
M1V    0.496  0.49  0.039810717  3700    
M1.5V  0.460  0.47  0.033884416  3650    
M2V    0.434  0.44  0.026915348  3550    
M2.5V  0.393  0.40  0.020892961  3500    
M3V    0.369  0.36  0.016595869  3410    
M3.5V  0.291  0.26  0.00851138   3250    
M4V    0.258  0.22  0.006309573  3200    
M4.5V  0.243  0.18  0.004897788  3100    
M5V    0.199  0.16  0.003019952  3030    
M5.5V  0.149  0.12  0.00162181   3000    
M6V    0.127  0.10  0.000954993  2850    
M6.5V  0.129  0.097 0.000812831  2710    
M7V    0.118  0.090 0.000616595  2650    
M7.5V  0.112  0.089 0.000512861  2600    
M8V    0.111  0.082 0.000436516  2500    
M8.5V  0.107  0.081 0.000363078  2440    
M9V    0.095  0.079 0.000269153  2400    
M9.5V  0.104  0.078 0.000281838  2320    